I = [0.0, 0.00101010101010101, 0.00202020202020202, 0.0030303030303030303, 0.00404040404040404, 0.00505050505050505, 0.006060606060606061, 0.007070707070707071, 0.00808080808080808, 0.00909090909090909, 0.0101010101010101, 0.011111111111111112, 0.012121212121212121, 0.013131313131313131, 0.014141414141414142, 0.015151515151515152, 0.01616161616161616, 0.01717171717171717, 0.01818181818181818, 0.01919191919191919, 0.0202020202020202, 0.021212121212121213, 0.022222222222222223, 0.023232323232323233, 0.024242424242424242, 0.025252525252525252, 0.026262626262626262, 0.02727272727272727, 0.028282828282828285, 0.029292929292929294, 0.030303030303030304, 0.031313131313131314, 0.03232323232323232, 0.03333333333333333, 0.03434343434343434, 0.03535353535353535, 0.03636363636363636, 0.03737373737373737, 0.03838383838383838, 0.03939393939393939, 0.0404040404040404, 0.04141414141414142, 0.04242424242424243, 0.043434343434343436, 0.044444444444444446, 0.045454545454545456, 0.046464646464646465, 0.047474747474747475, 0.048484848484848485, 0.049494949494949494, 0.050505050505050504, 0.051515151515151514, 0.052525252525252523, 0.05353535353535353, 0.05454545454545454, 0.05555555555555555, 0.05656565656565657, 0.05757575757575758, 0.05858585858585859, 0.0595959595959596, 0.06060606060606061, 0.06161616161616162, 0.06262626262626263, 0.06363636363636363, 0.06464646464646465, 0.06565656565656566, 0.06666666666666667, 0.06767676767676768, 0.06868686868686869, 0.0696969696969697, 0.0707070707070707, 0.07171717171717172, 0.07272727272727272, 0.07373737373737374, 0.07474747474747474, 0.07575757575757576, 0.07676767676767676, 0.07777777777777778, 0.07878787878787878, 0.0797979797979798, 0.0808080808080808, 0.08181818181818182, 0.08282828282828283, 0.08383838383838384, 0.08484848484848485, 0.08585858585858586, 0.08686868686868687, 0.08787878787878788, 0.08888888888888889, 0.0898989898989899, 0.09090909090909091, 0.09191919191919191, 0.09292929292929293, 0.09393939393939393, 0.09494949494949495, 0.09595959595959595, 0.09696969696969697, 0.09797979797979799, 0.09898989898989899, 0.1]
V = [2.54156157e-06, 6.95452327e-06, 1.15410617e-05, 1.56681918e-05, 1.96892798e-05, 2.2769166e-05, 2.77030416e-05, 3.19368149e-05, 3.64504739e-05, 4.04993257e-05, 4.47608188e-05, 4.95212262e-05, 5.36036061e-05, 5.76747618e-05, 6.25523343e-05, 6.62263886e-05, 7.07955819e-05, 7.54943051e-05, 7.9823899e-05, 8.40912678e-05, 8.77089945e-05, 9.18355798e-05, 9.67248936e-05, 0.000102022623, 0.000105802276, 0.000109380721, 0.000114527305, 0.000119701918, 0.000123454177, 0.000128074777, 0.00013165798, 0.000136967284, 0.000141284746, 0.000145843446, 0.000150458806, 0.000154804622, 0.000158987421, 0.000164716676, 0.000168316807, 0.000172438659, 0.000176667268, 0.000180856145, 0.000185676595, 0.00018993909, 0.000195512223, 0.000198399265, 0.000203290021, 0.000207094205, 0.000211728638, 0.000217121003, 0.000222195833, 0.000227379445, 0.000231245648, 0.000235138599, 0.000240391319, 0.000245592691, 0.000249776551, 0.000254680803, 0.000259710083, 0.000264284152, 0.000269739554, 0.000273365535, 0.000278604831, 0.000282554968, 0.000286316338, 0.000291070537, 0.000296393659, 0.000300784778, 0.000304551376, 0.000310053037, 0.000315271696, 0.000319538992, 0.000324275274, 0.000329052787, 0.000332087025, 0.000338216293, 0.000342656995, 0.000347750726, 0.000353291514, 0.000357631935, 0.00036195024, 0.0003659647, 0.000370717471, 0.000374536972, 0.000379161647, 0.000384399447, 0.000388683437, 0.000394328981, 0.000399267948, 0.000403226158, 0.000408742274, 0.00041325775, 0.000417886596, 0.000423442261, 0.000428929104, 0.000433097773, 0.000437551021, 0.000441760363, 0.000447367259, 0.000453266009]
