I = [0.0, 0.00101010101010101, 0.00202020202020202, 0.0030303030303030303, 0.00404040404040404, 0.00505050505050505, 0.006060606060606061, 0.007070707070707071, 0.00808080808080808, 0.00909090909090909, 0.0101010101010101, 0.011111111111111112, 0.012121212121212121, 0.013131313131313131, 0.014141414141414142, 0.015151515151515152, 0.01616161616161616, 0.01717171717171717, 0.01818181818181818, 0.01919191919191919, 0.0202020202020202, 0.021212121212121213, 0.022222222222222223, 0.023232323232323233, 0.024242424242424242, 0.025252525252525252, 0.026262626262626262, 0.02727272727272727, 0.028282828282828285, 0.029292929292929294, 0.030303030303030304, 0.031313131313131314, 0.03232323232323232, 0.03333333333333333, 0.03434343434343434, 0.03535353535353535, 0.03636363636363636, 0.03737373737373737, 0.03838383838383838, 0.03939393939393939, 0.0404040404040404, 0.04141414141414142, 0.04242424242424243, 0.043434343434343436, 0.044444444444444446, 0.045454545454545456, 0.046464646464646465, 0.047474747474747475, 0.048484848484848485, 0.049494949494949494, 0.050505050505050504, 0.051515151515151514, 0.052525252525252523, 0.05353535353535353, 0.05454545454545454, 0.05555555555555555, 0.05656565656565657, 0.05757575757575758, 0.05858585858585859, 0.0595959595959596, 0.06060606060606061, 0.06161616161616162, 0.06262626262626263, 0.06363636363636363, 0.06464646464646465, 0.06565656565656566, 0.06666666666666667, 0.06767676767676768, 0.06868686868686869, 0.0696969696969697, 0.0707070707070707, 0.07171717171717172, 0.07272727272727272, 0.07373737373737374, 0.07474747474747474, 0.07575757575757576, 0.07676767676767676, 0.07777777777777778, 0.07878787878787878, 0.0797979797979798, 0.0808080808080808, 0.08181818181818182, 0.08282828282828283, 0.08383838383838384, 0.08484848484848485, 0.08585858585858586, 0.08686868686868687, 0.08787878787878788, 0.08888888888888889, 0.0898989898989899, 0.09090909090909091, 0.09191919191919191, 0.09292929292929293, 0.09393939393939393, 0.09494949494949495, 0.09595959595959595, 0.09696969696969697, 0.09797979797979799, 0.09898989898989899, 0.1]
V = [2.48567039e-06, 3.112846e-06, 2.82724734e-06, 3.2360791e-06, 3.30880272e-06, 3.57761999e-06, 5.12326881e-06, 4.59120918e-06, 4.59135554e-06, 4.79851268e-06, 4.98319093e-06, 5.71127233e-06, 5.12327451e-06, 6.28251567e-06, 7.32978362e-06, 6.50659776e-06, 7.52572969e-06, 7.90094924e-06, 8.41618491e-06, 8.38815264e-06, 8.90337863e-06, 8.89217016e-06, 1.00513951e-05, 1.01914685e-05, 1.0482683e-05, 1.27227455e-05, 1.23307692e-05, 1.24763199e-05, 1.32210511e-05, 1.28963153e-05, 1.4111444e-05, 1.41675811e-05, 1.58755375e-05, 1.56404187e-05, 1.63234578e-05, 1.67882313e-05, 1.7779661e-05, 1.80203909e-05, 1.94372642e-05, 1.92917156e-05, 2.00197232e-05, 2.05798081e-05, 2.2439006e-05, 2.27748136e-05, 2.37884204e-05, 2.44942211e-05, 2.4242346e-05, 2.49419726e-05, 2.64876834e-05, 2.59279065e-05, 2.75406909e-05, 2.84535047e-05, 2.94168172e-05, 2.99822073e-05, 3.1247863e-05, 3.17628963e-05, 3.15113223e-05, 3.35384545e-05, 3.45909335e-05, 3.51178035e-05, 3.60586704e-05, 3.65121527e-05, 3.70161688e-05, 3.8825128e-05, 3.90655255e-05, 3.98215368e-05, 3.99453252e-05, 4.16753201e-05, 4.30525844e-05, 4.47164366e-05, 4.50410246e-05, 4.53716141e-05, 4.69000744e-05, 4.80707147e-05, 4.82778632e-05, 5.04789999e-05, 5.08209147e-05, 5.12234008e-05, 5.15490728e-05, 5.41354878e-05, 5.36595424e-05, 5.52444844e-05, 5.63478574e-05, 5.81901712e-05, 5.86999322e-05, 5.86553016e-05, 6.05029375e-05, 6.12313873e-05, 6.22890825e-05, 6.35944448e-05, 6.42991959e-05, 6.62655822e-05, 6.71392179e-05, 6.83598218e-05, 6.94969182e-05, 7.0852331e-05, 7.21236755e-05, 7.38874215e-05, 7.43854943e-05, 7.56680163e-05]
