T = [107.2697501169135, 107.19503819173812, 107.13504754481684, 107.0672851909587, 107.00194925954794, 106.9384374123149, 106.87153250194856, 106.80488877630555, 106.74481044427125, 106.6852329696025, 106.6217786438036, 106.55659049103664, 106.49446079501169, 106.43568791893999, 106.36704216679658, 106.31087412314889, 106.2490827747467, 106.18587747466876, 106.1202459859704, 106.06634068589244, 106.00085487139518, 105.94224988308652, 105.8821140296181, 105.8208985970382, 105.76091122369448, 105.6976044427124, 105.64094653156664, 105.5804618082619, 105.51821777084957, 105.46197373343728, 105.40063530787216, 105.34241730319565, 105.27568869836321, 105.22190265003897, 105.16156640685894, 105.10084855806704, 105.0399254091972, 104.98270678098207, 104.92284520654715, 104.86439197194078, 104.80366968043649, 104.74491480904132, 104.68678682774747, 104.62797279812939, 104.574268355417, 104.52030085736556, 104.45734388152768, 104.39874848012471, 104.34084614185504, 104.28382065471553, 104.22641753702261, 104.16729555728762, 104.10871301636789, 104.05093133281372, 103.99295487139517, 103.9384278254092, 103.87671621200312, 103.82349602494155, 103.76656897895558, 103.71297513639908, 103.65499820732659, 103.60109407638349, 103.54469875292284, 103.48715767731879, 103.42986305533906, 103.37851535463759, 103.32150693686673, 103.26373343725643, 103.20393359314107, 103.15315198752924]
R = [-0.002773707199449841, -0.007778948945001081, -0.0037304046139797907, -0.0050340126016908595, -0.010187517352315562, -0.008271771817549513, -0.007357536142202701, -0.0059318579153484555, -0.0013162424821811603, -0.008077635371542042, -0.004734879180053396, -0.009291081387432197, -0.0054114197525363065, -0.005529911923680007, -0.0048176627942985144, -0.004996659152269584, -0.007774273433522489, -0.004804899013257622, -0.009941715270893017, -0.00737011630369464, -0.0058143455941542695, -0.005916393806570706, -0.00693360256546732, -0.012526315128605038, -0.006243418652920734, -0.006554686056596922, -0.010697055283480708, -0.012321719130525672, -0.010769601333468918, -0.0035266939602038674, -0.00639307517334165, -0.010549332632227093, -0.00908118420052782, -0.006557800148667105, -0.009146393365420688, -0.011494662308052503, -0.01049135953433427, -0.010952474711130275, -0.013358705629423666, -0.015572305011110883, -0.012449444934200006, -0.01107877507959269, -0.007987814058361766, -0.009620772957914867, -0.006593711981477732, -0.01051716919929811, -0.010633513517559775, -0.011781035470974296, -0.009786234727257925, -0.008494650250536865, -0.01140122297944968, -0.012235735651184632, -0.005504553012547315, -0.009978418568093459, -0.010529341148132509, -0.009146454745684962, -0.010666634489470726, -0.011765030803779662, -0.010705234015435137, -0.012127961376271219, -0.0145063660027352, -0.012631970761065413, -0.0087236938801853, -0.010253668104775435, -0.00916341024908266, -0.003851844208664408, -0.009651231595304397, -0.007898280460237229, -0.015570815517636732, -0.007875786411722624]
