I = [0.0, 1.0101010101010101e-05, 2.0202020202020203e-05, 3.0303030303030306e-05, 4.0404040404040405e-05, 5.0505050505050505e-05, 6.060606060606061e-05, 7.07070707070707e-05, 8.080808080808081e-05, 9.090909090909092e-05, 0.00010101010101010101, 0.00011111111111111112, 0.00012121212121212122, 0.00013131313131313133, 0.0001414141414141414, 0.00015151515151515152, 0.00016161616161616162, 0.00017171717171717173, 0.00018181818181818183, 0.00019191919191919191, 0.00020202020202020202, 0.00021212121212121213, 0.00022222222222222223, 0.00023232323232323234, 0.00024242424242424245, 0.0002525252525252525, 0.00026262626262626266, 0.00027272727272727274, 0.0002828282828282828, 0.00029292929292929295, 0.00030303030303030303, 0.00031313131313131316, 0.00032323232323232324, 0.0003333333333333333, 0.00034343434343434346, 0.00035353535353535354, 0.00036363636363636367, 0.00037373737373737375, 0.00038383838383838383, 0.00039393939393939396, 0.00040404040404040404, 0.0004141414141414142, 0.00042424242424242425, 0.00043434343434343433, 0.00044444444444444447, 0.00045454545454545455, 0.0004646464646464647, 0.00047474747474747476, 0.0004848484848484849, 0.000494949494949495, 0.000505050505050505, 0.0005151515151515151, 0.0005252525252525253, 0.0005353535353535354, 0.0005454545454545455, 0.0005555555555555556, 0.0005656565656565656, 0.0005757575757575758, 0.0005858585858585859, 0.000595959595959596, 0.0006060606060606061, 0.0006161616161616161, 0.0006262626262626263, 0.0006363636363636364, 0.0006464646464646465, 0.0006565656565656566, 0.0006666666666666666, 0.0006767676767676768, 0.0006868686868686869, 0.000696969696969697, 0.0007070707070707071, 0.0007171717171717171, 0.0007272727272727273, 0.0007373737373737374, 0.0007474747474747475, 0.0007575757575757576, 0.0007676767676767677, 0.0007777777777777778, 0.0007878787878787879, 0.000797979797979798, 0.0008080808080808081, 0.0008181818181818182, 0.0008282828282828283, 0.0008383838383838384, 0.0008484848484848485, 0.0008585858585858586, 0.0008686868686868687, 0.0008787878787878789, 0.0008888888888888889, 0.000898989898989899, 0.0009090909090909091, 0.0009191919191919192, 0.0009292929292929294, 0.0009393939393939394, 0.0009494949494949495, 0.0009595959595959596, 0.0009696969696969698, 0.0009797979797979799, 0.00098989898989899, 0.001]
V = [3.07355185e-06, 2.79926116e-06, 2.79923894e-06, 3.35365042e-06, 2.45205695e-06, 3.42083253e-06, 3.08480842e-06, 2.63117786e-06, 3.04005468e-06, 4.11527624e-06, 3.6392218e-06, 3.72881484e-06, 3.51042753e-06, 3.55530952e-06, 3.90247288e-06, 4.19373673e-06, 3.59453344e-06, 4.59679505e-06, 3.0120136e-06, 4.11526057e-06, 3.67281909e-06, 3.5440142e-06, 3.47684357e-06, 4.31683206e-06, 4.6025129e-06, 4.09279972e-06, 4.76480106e-06, 3.66716786e-06, 4.66968197e-06, 3.43199388e-06, 4.37291977e-06, 5.63287706e-06, 4.37289152e-06, 4.78161126e-06, 4.61366976e-06, 4.77044153e-06, 5.10645293e-06, 4.69201257e-06, 4.25522746e-06, 4.78724157e-06, 4.80405161e-06, 5.72804017e-06, 5.75048536e-06, 4.59130955e-06, 5.86254539e-06, 4.736938e-06, 5.27441596e-06, 5.56012997e-06, 5.0336996e-06, 4.96082597e-06, 5.44811579e-06, 5.4312973e-06, 5.03935731e-06, 5.49847428e-06, 5.61606976e-06, 5.67205911e-06, 5.28011509e-06, 6.18173184e-06, 6.33285161e-06, 5.64966113e-06, 5.2241497e-06, 6.10885694e-06, 5.54879131e-06, 6.48974363e-06, 5.57126632e-06, 6.17053054e-06, 5.11202837e-06, 6.22084542e-06, 6.39451204e-06, 6.14805765e-06, 6.35529974e-06, 6.5401938e-06, 5.46480421e-06, 7.03850649e-06, 6.62966638e-06, 6.92097578e-06, 6.64648437e-06, 5.78970439e-06, 6.6130145e-06, 7.11690767e-06, 7.3464596e-06, 6.48426414e-06, 7.28498519e-06, 6.59618097e-06, 6.56250404e-06, 6.94331614e-06, 7.32411791e-06, 7.26253811e-06, 7.44735536e-06, 7.16173613e-06, 7.51446358e-06, 6.57368789e-06, 7.43616411e-06, 7.68812714e-06, 7.19533969e-06, 7.61535591e-06, 7.73287458e-06, 7.67138642e-06, 7.36897389e-06, 8.02973154e-06]
