I = [0.0, 1.0101010101010101e-05, 2.0202020202020203e-05, 3.0303030303030306e-05, 4.0404040404040405e-05, 5.0505050505050505e-05, 6.060606060606061e-05, 7.07070707070707e-05, 8.080808080808081e-05, 9.090909090909092e-05, 0.00010101010101010101, 0.00011111111111111112, 0.00012121212121212122, 0.00013131313131313133, 0.0001414141414141414, 0.00015151515151515152, 0.00016161616161616162, 0.00017171717171717173, 0.00018181818181818183, 0.00019191919191919191, 0.00020202020202020202, 0.00021212121212121213, 0.00022222222222222223, 0.00023232323232323234, 0.00024242424242424245, 0.0002525252525252525, 0.00026262626262626266, 0.00027272727272727274, 0.0002828282828282828, 0.00029292929292929295, 0.00030303030303030303, 0.00031313131313131316, 0.00032323232323232324, 0.0003333333333333333, 0.00034343434343434346, 0.00035353535353535354, 0.00036363636363636367, 0.00037373737373737375, 0.00038383838383838383, 0.00039393939393939396, 0.00040404040404040404, 0.0004141414141414142, 0.00042424242424242425, 0.00043434343434343433, 0.00044444444444444447, 0.00045454545454545455, 0.0004646464646464647, 0.00047474747474747476, 0.0004848484848484849, 0.000494949494949495, 0.000505050505050505, 0.0005151515151515151, 0.0005252525252525253, 0.0005353535353535354, 0.0005454545454545455, 0.0005555555555555556, 0.0005656565656565656, 0.0005757575757575758, 0.0005858585858585859, 0.000595959595959596, 0.0006060606060606061, 0.0006161616161616161, 0.0006262626262626263, 0.0006363636363636364, 0.0006464646464646465, 0.0006565656565656566, 0.0006666666666666666, 0.0006767676767676768, 0.0006868686868686869, 0.000696969696969697, 0.0007070707070707071, 0.0007171717171717171, 0.0007272727272727273, 0.0007373737373737374, 0.0007474747474747475, 0.0007575757575757576, 0.0007676767676767677, 0.0007777777777777778, 0.0007878787878787879, 0.000797979797979798, 0.0008080808080808081, 0.0008181818181818182, 0.0008282828282828283, 0.0008383838383838384, 0.0008484848484848485, 0.0008585858585858586, 0.0008686868686868687, 0.0008787878787878789, 0.0008888888888888889, 0.000898989898989899, 0.0009090909090909091, 0.0009191919191919192, 0.0009292929292929294, 0.0009393939393939394, 0.0009494949494949495, 0.0009595959595959596, 0.0009696969696969698, 0.0009797979797979799, 0.00098989898989899, 0.001]
V = [3.66720352e-06, 2.60325878e-06, 2.51359885e-06, 3.32001979e-06, 3.07365081e-06, 3.00643337e-06, 2.28402183e-06, 2.5360788e-06, 2.27271863e-06, 3.25843487e-06, 3.56098113e-06, 3.03432088e-06, 3.28640649e-06, 3.03999602e-06, 2.65358379e-06, 2.74877876e-06, 3.91366182e-06, 2.36245473e-06, 2.70395003e-06, 2.76560493e-06, 2.08796904e-06, 2.67604474e-06, 3.39842753e-06, 3.40393654e-06, 3.42646318e-06, 3.15200116e-06, 2.59202529e-06, 3.72883371e-06, 2.92245125e-06, 2.00399833e-06, 2.30648152e-06, 3.4881331e-06, 2.60324113e-06, 2.44645381e-06, 1.94792117e-06, 3.33694756e-06, 2.65365998e-06, 2.96721517e-06, 2.53605921e-06, 2.76004186e-06, 3.24720207e-06, 3.17442439e-06, 2.82163407e-06, 2.86635e-06, 2.11603285e-06, 2.96161014e-06, 3.65599658e-06, 2.84955369e-06, 3.58324608e-06, 3.47676623e-06, 3.37594095e-06, 2.77682152e-06, 3.51605698e-06, 2.58085163e-06, 2.99522723e-06, 3.12963807e-06, 3.12395919e-06, 1.8751715e-06, 2.63682445e-06, 3.03999576e-06, 2.56400478e-06, 3.36485284e-06, 2.54728996e-06, 3.46004948e-06, 2.74876197e-06, 3.11843442e-06, 2.83276561e-06, 3.32564453e-06, 3.45441812e-06, 3.63362132e-06, 3.28645961e-06, 3.15203756e-06, 3.16325994e-06, 1.79121341e-06, 2.77680628e-06, 3.15202036e-06, 2.67599354e-06, 2.26724434e-06, 2.83837072e-06, 2.33999846e-06, 2.48567852e-06, 3.84074456e-06, 2.99518943e-06, 3.40962086e-06, 2.53040283e-06, 3.25281826e-06, 3.0288286e-06, 2.59209788e-06, 2.88884221e-06, 3.5832661e-06, 3.09037398e-06, 3.60566027e-06, 3.26405478e-06, 2.90003684e-06, 2.96156519e-06, 3.62804209e-06, 1.74079836e-06, 2.74885998e-06, 3.03452193e-06, 3.03445137e-06]
