I = [1e-05, 0.01011090909090909, 0.02021181818181818, 0.030312727272727272, 0.04041363636363637, 0.05051454545454546, 0.06061545454545455, 0.07071636363636363, 0.08081727272727272, 0.09091818181818181, 0.1010190909090909, 0.11112, 0.12122090909090909, 0.1313218181818182, 0.14142272727272728, 0.15152363636363636, 0.16162454545454547, 0.17172545454545457, 0.18182636363636365, 0.19192727272727272, 0.20202818181818183, 0.21212909090909093, 0.22223, 0.2323309090909091, 0.2424318181818182, 0.2525327272727273, 0.2626336363636364, 0.27273454545454545, 0.28283545454545456, 0.29293636363636366, 0.3030372727272727, 0.3131381818181818, 0.3232390909090909, 0.33334, 0.34344090909090913, 0.3535418181818182, 0.3636427272727273, 0.3737436363636364, 0.38384454545454544, 0.39394545454545454, 0.40404636363636365, 0.41414727272727275, 0.42424818181818186, 0.4343490909090909, 0.44445, 0.4545509090909091, 0.46465181818181817, 0.47475272727272727, 0.4848536363636364, 0.4949545454545455, 0.5050554545454545, 0.5151563636363636, 0.5252572727272727, 0.5353581818181817, 0.5454590909090908, 0.5555599999999999, 0.565660909090909, 0.5757618181818182, 0.5858627272727273, 0.5959636363636364, 0.6060645454545454, 0.6161654545454545, 0.6262663636363636, 0.6363672727272727, 0.6464681818181818, 0.6565690909090909, 0.66667, 0.6767709090909091, 0.6868718181818182, 0.6969727272727272, 0.7070736363636363, 0.7171745454545454, 0.7272754545454545, 0.7373763636363636, 0.7474772727272727, 0.7575781818181818, 0.7676790909090908, 0.7777799999999999, 0.787880909090909, 0.7979818181818181, 0.8080827272727272, 0.8181836363636363, 0.8282845454545454, 0.8383854545454545, 0.8484863636363636, 0.8585872727272726, 0.8686881818181817, 0.8787890909090909, 0.88889, 0.8989909090909091, 0.9090918181818182, 0.9191927272727273, 0.9292936363636363, 0.9393945454545454, 0.9494954545454545, 0.9595963636363636, 0.9696972727272727, 0.9797981818181818, 0.9898990909090909, 1.0]
V = [2.51918732e-06, 2.28402634e-06, 2.91126622e-06, 2.81604348e-06, 2.68719579e-06, 2.30088317e-06, 1.67351724e-06, 2.26726475e-06, 3.58326127e-06, 3.16879567e-06, 2.77681964e-06, 2.09927939e-06, 2.2671773e-06, 3.24170679e-06, 2.85519454e-06, 2.76005622e-06, 2.48567529e-06, 2.86645744e-06, 3.07374042e-06, 2.40726134e-06, 2.93927228e-06, 2.55840188e-06, 2.55291188e-06, 3.47686907e-06, 2.97845599e-06, 3.21361128e-06, 1.93129442e-06, 2.53598951e-06, 2.38480138e-06, 3.34805392e-06, 2.23363877e-06, 3.05126486e-06, 2.78242732e-06, 3.18003901e-06, 3.1688517e-06, 2.69839043e-06, 2.88888633e-06, 2.76561932e-06, 2.69285356e-06, 2.46323409e-06, 2.45199431e-06, 3.31448918e-06, 2.32882463e-06, 2.61435859e-06, 2.74880933e-06, 1.94240688e-06, 2.81609289e-06, 3.6952691e-06, 3.24731095e-06, 3.36479977e-06, 2.27279318e-06, 3.02326697e-06, 1.86408632e-06, 2.78798045e-06, 2.81610492e-06, 2.73768278e-06, 2.82720073e-06, 2.64803493e-06, 2.4183995e-06, 2.508025e-06, 2.62563615e-06, 2.62558077e-06, 2.30081053e-06, 2.35121317e-06, 2.08244944e-06, 2.65924565e-06, 2.37365064e-06, 2.62564467e-06, 2.63125296e-06, 1.58401945e-06, 2.20009247e-06, 1.76328932e-06, 2.42411596e-06, 2.22796924e-06, 2.17189907e-06, 2.23925667e-06, 2.51369139e-06, 1.72402718e-06, 2.53609367e-06, 2.96729133e-06, 2.21683528e-06, 2.63116396e-06, 3.06807779e-06, 2.6424732e-06, 3.53851711e-06, 4.14886979e-06, 4.79852632e-06, 5.50973372e-06, 6.23212453e-06, 6.93237999e-06, 9.0154681e-06, 9.25631637e-06, 1.07123896e-05, 1.29579502e-05, 1.48396877e-05, 1.69172498e-05, 1.94710026e-05, 2.21197363e-05, 2.64094158e-05, 3.00106466e-05]
