I = [1e-05, 0.01011090909090909, 0.02021181818181818, 0.030312727272727272, 0.04041363636363637, 0.05051454545454546, 0.06061545454545455, 0.07071636363636363, 0.08081727272727272, 0.09091818181818181, 0.1010190909090909, 0.11112, 0.12122090909090909, 0.1313218181818182, 0.14142272727272728, 0.15152363636363636, 0.16162454545454547, 0.17172545454545457, 0.18182636363636365, 0.19192727272727272, 0.20202818181818183, 0.21212909090909093, 0.22223, 0.2323309090909091, 0.2424318181818182, 0.2525327272727273, 0.2626336363636364, 0.27273454545454545, 0.28283545454545456, 0.29293636363636366, 0.3030372727272727, 0.3131381818181818, 0.3232390909090909, 0.33334, 0.34344090909090913, 0.3535418181818182, 0.3636427272727273, 0.3737436363636364, 0.38384454545454544, 0.39394545454545454, 0.40404636363636365, 0.41414727272727275, 0.42424818181818186, 0.4343490909090909, 0.44445, 0.4545509090909091, 0.46465181818181817, 0.47475272727272727, 0.4848536363636364, 0.4949545454545455, 0.5050554545454545, 0.5151563636363636, 0.5252572727272727, 0.5353581818181817, 0.5454590909090908, 0.5555599999999999, 0.565660909090909, 0.5757618181818182, 0.5858627272727273, 0.5959636363636364, 0.6060645454545454, 0.6161654545454545, 0.6262663636363636, 0.6363672727272727, 0.6464681818181818, 0.6565690909090909, 0.66667, 0.6767709090909091, 0.6868718181818182, 0.6969727272727272, 0.7070736363636363, 0.7171745454545454, 0.7272754545454545, 0.7373763636363636, 0.7474772727272727, 0.7575781818181818, 0.7676790909090908, 0.7777799999999999, 0.787880909090909, 0.7979818181818181, 0.8080827272727272, 0.8181836363636363, 0.8282845454545454, 0.8383854545454545, 0.8484863636363636, 0.8585872727272726, 0.8686881818181817, 0.8787890909090909, 0.88889, 0.8989909090909091, 0.9090918181818182, 0.9191927272727273, 0.9292936363636363, 0.9393945454545454, 0.9494954545454545, 0.9595963636363636, 0.9696972727272727, 0.9797981818181818, 0.9898990909090909, 1.0]
V = [2.95043678e-06, 3.49925011e-06, 2.71525262e-06, 2.59766015e-06, 3.0624562e-06, 3.15765435e-06, 3.39290171e-06, 2.90569019e-06, 2.9895944e-06, 2.88883239e-06, 2.55845672e-06, 2.56971219e-06, 2.26154787e-06, 2.70405584e-06, 3.09043566e-06, 3.28641118e-06, 3.01759636e-06, 3.11283922e-06, 3.40408358e-06, 3.15206803e-06, 4.098497e-06, 3.95292725e-06, 3.94163659e-06, 4.49601961e-06, 4.05362134e-06, 4.48495348e-06, 6.42254266e-06, 5.21853266e-06, 6.63531747e-06, 7.18977319e-06, 7.83383505e-06, 8.88672732e-06, 9.9954947e-06, 1.1322699e-05, 1.23195005e-05, 1.24035475e-05, 1.46211358e-05, 1.60324467e-05, 1.73763491e-05, 1.94990034e-05, 2.15935911e-05, 2.29095285e-05, 2.53847746e-05, 2.85096348e-05, 3.08783481e-05, 3.50673193e-05, 3.76659969e-05, 4.1484964e-05, 4.60772404e-05, 5.00025182e-05, 5.3682143e-05, 5.95961391e-05, 6.33085408e-05, 6.90548973e-05, 7.62226404e-05, 8.06133087e-05, 8.72049035e-05, 9.53813143e-05, 0.000102717766, 0.000110159708, 0.000121086426, 0.000129755112, 0.000137986143, 0.000150979323, 0.000160309499, 0.000169952623, 0.000186624951, 0.000198748181, 0.000209741102, 0.000228972117, 0.000243946221, 0.000257397122, 0.000280141079, 0.00029470413, 0.000310906223, 0.000337956552, 0.000355978878, 0.000374945337, 0.000406905704, 0.000426954671, 0.000448343717, 0.000485045569, 0.000509259964, 0.000533117173, 0.000576577256, 0.000603377158, 0.000632116242, 0.000681190218, 0.000711696846, 0.000741827201, 0.00079860241, 0.000834798276, 0.000869715878, 0.000936619922, 0.000974924685, 0.0010160312, 0.00109061263, 0.00113579822, 0.00118011777, 0.00126594005]
