I = [1e-05, 0.01011090909090909, 0.02021181818181818, 0.030312727272727272, 0.04041363636363637, 0.05051454545454546, 0.06061545454545455, 0.07071636363636363, 0.08081727272727272, 0.09091818181818181, 0.1010190909090909, 0.11112, 0.12122090909090909, 0.1313218181818182, 0.14142272727272728, 0.15152363636363636, 0.16162454545454547, 0.17172545454545457, 0.18182636363636365, 0.19192727272727272, 0.20202818181818183, 0.21212909090909093, 0.22223, 0.2323309090909091, 0.2424318181818182, 0.2525327272727273, 0.2626336363636364, 0.27273454545454545, 0.28283545454545456, 0.29293636363636366, 0.3030372727272727, 0.3131381818181818, 0.3232390909090909, 0.33334, 0.34344090909090913, 0.3535418181818182, 0.3636427272727273, 0.3737436363636364, 0.38384454545454544, 0.39394545454545454, 0.40404636363636365, 0.41414727272727275, 0.42424818181818186, 0.4343490909090909, 0.44445, 0.4545509090909091, 0.46465181818181817, 0.47475272727272727, 0.4848536363636364, 0.4949545454545455, 0.5050554545454545, 0.5151563636363636, 0.5252572727272727, 0.5353581818181817, 0.5454590909090908, 0.5555599999999999, 0.565660909090909, 0.5757618181818182, 0.5858627272727273, 0.5959636363636364, 0.6060645454545454, 0.6161654545454545, 0.6262663636363636, 0.6363672727272727, 0.6464681818181818, 0.6565690909090909, 0.66667, 0.6767709090909091, 0.6868718181818182, 0.6969727272727272, 0.7070736363636363, 0.7171745454545454, 0.7272754545454545, 0.7373763636363636, 0.7474772727272727, 0.7575781818181818, 0.7676790909090908, 0.7777799999999999, 0.787880909090909, 0.7979818181818181, 0.8080827272727272, 0.8181836363636363, 0.8282845454545454, 0.8383854545454545, 0.8484863636363636, 0.8585872727272726, 0.8686881818181817, 0.8787890909090909, 0.88889, 0.8989909090909091, 0.9090918181818182, 0.9191927272727273, 0.9292936363636363, 0.9393945454545454, 0.9494954545454545, 0.9595963636363636, 0.9696972727272727, 0.9797981818181818, 0.9898990909090909, 1.0]
V = [2.72081989e-06, 4.37976644e-05, 8.53284837e-05, 0.000128960103, 0.000172422003, 0.000215541824, 0.000261072844, 0.000305518469, 0.000350250729, 0.000395974329, 0.000441069039, 0.000488235081, 0.000534686194, 0.000580485452, 0.000627625325, 0.000674507087, 0.000721420349, 0.000771890687, 0.000820632792, 0.000869009966, 0.000920399195, 0.000970877128, 0.00102212523, 0.00107500186, 0.00112578207, 0.00117653635, 0.00123204728, 0.00128622944, 0.00134009814, 0.00139701993, 0.00145174878, 0.00150574526, 0.00156640564, 0.00162095364, 0.00167901269, 0.00174619713, 0.00180325635, 0.00186122444, 0.00193066338, 0.00199075424, 0.00205097425, 0.00212460248, 0.00219003544, 0.00225340884, 0.002330025, 0.00239670608, 0.00246288646, 0.00254965742, 0.0026186813, 0.00268843273, 0.0027819559, 0.00285574885, 0.00293393825, 0.0030342539, 0.00310823845, 0.00318620816, 0.00329506269, 0.00337518686, 0.00345772298, 0.00357678688, 0.00366053086, 0.00374852505, 0.00387802999, 0.00396951133, 0.00406286224, 0.00420593779, 0.00430742088, 0.00440826906, 0.00456534265, 0.00467187586, 0.0047771514, 0.00494103862, 0.00505531235, 0.00517146937, 0.00536341286, 0.00548503746, 0.00560461691, 0.00579316228, 0.00591611099, 0.0060453006, 0.00625427803, 0.00638651259, 0.0065262112, 0.00674092072, 0.00688431279, 0.00702942516, 0.00725890315, 0.0074064685, 0.00755650819, 0.00780017136, 0.00795509861, 0.00811330258, 0.00837911957, 0.00854434855, 0.0087133265, 0.00899041701, 0.00916294366, 0.0093322441, 0.00960533253, 0.00977597721]
