T = [85.10464364770071, 85.1204604053001, 85.12862634450508, 85.13750498830866, 85.13898698363212, 85.13977895557288, 85.13007560405302, 85.12121683554172, 85.11609508963369, 85.10109812938427, 85.09004419329696, 85.07576508183945, 85.06040919719408, 85.04681940763837, 85.02763273577553, 85.01108316445831, 84.99431706936868, 84.97380880748247]
R = [-3.0324430255627848e-05, -3.441764266274707e-05, -2.438538689331663e-05, -6.396251429737949e-06, 3.1861301131691213e-06, 1.035927052401692e-05, 1.0583176162242193e-05, 7.333144557986504e-06, 1.18163200265446e-05, 5.708260519408886e-06, 5.147763675527816e-06, 1.366582249296622e-05, 1.7084084037806225e-05, 1.7026781564351072e-05, 6.604633329260987e-06, 8.677830073934977e-06, 1.5066684365081541e-05, 1.3553199598784345e-05]
