T = [86.16322252533126, 86.13905884645364, 86.11837872174591, 86.10396539360873, 86.0915150428683, 86.08839812938426]
R = [3.3552290644710054e-06, 3.388899838434263e-06, 7.481395270307398e-07, -4.7160824416804033e-07, -5.271966283581248e-06, -5.2382482064225515e-06]
