T = [83.65991964146532, 83.831734294622, 83.62352049883087, 83.64070795011692, 83.7045869056898, 83.8421896336711, 84.0383353858145, 84.27558628215121, 84.53903772408418, 84.81737108339829, 85.11162829306315, 85.4185724863601, 85.7356154325799, 86.06991504286829, 86.41111231488699, 86.75708807482464, 87.11679158222915, 87.48738511301637, 87.86070296180827, 88.2469095869057, 88.63776609508965, 89.04030623538583, 89.45176219797351, 89.86259992205768, 90.28443172252534, 90.71168573655495, 91.14525261106782, 91.58364380358535, 92.03997957911147, 92.50927170693689, 92.98784115354638, 93.46481356196415, 93.98495463756821, 94.51790265003899, 95.04783943881529, 95.57540007794233, 96.11060381917382, 96.67648448947779, 97.21745276695246, 97.74166126266563, 98.26425728760718, 98.79528254091973, 99.34814746687452, 99.90660950896337, 100.48511426344507, 101.07333850350741, 101.65341363990647, 102.22171325019487, 102.79742400623539, 103.37502081060016, 103.9563137178488, 104.54987482462978, 105.12430935307873, 105.70776819953235, 106.28430623538583, 106.84949851909587, 107.43638339828529, 108.02447529228371, 108.59641979734997, 109.1841656274357, 109.76458402182385, 110.35670919719408, 110.91305697583789]
R = [1.1922637541006596e-05, 1.2818813557796275e-05, 1.9597613837732647e-05, 1.752470331328299e-05, 1.7244764380623917e-05, 2.038235422388241e-05, 1.1978921763679608e-05, 2.010270723709449e-05, 1.3493059447096528e-05, 2.346344259317201e-05, 1.5060729982117147e-05, 2.0773194480091525e-05, 2.1835914235140046e-05, 1.948410636556514e-05, 1.690740957081733e-05, 1.6739398636088037e-05, 9.009964089289971e-06, 2.127548486325693e-05, 2.346179694477979e-05, 2.5085326216055783e-05, 1.819601524430314e-05, 1.9988979009026997e-05, 1.8646236102669897e-05, 2.077356224331623e-05, 9.850581383718656e-06, 1.539453659276231e-05, 1.0802120561543853e-05, 1.746806291038339e-05, 2.1220827452053568e-05, 2.2845635706288197e-05, 1.7916818967083107e-05, 1.539523645205396e-05, 2.1277335877611395e-05, 2.0940734510591495e-05, 1.405153533569099e-05, 8.841992515514329e-06, 2.150112741257439e-05, 1.2426977557677672e-05, 2.0102784539211436e-05, 9.907087704080015e-06, 1.450037554783021e-05, 1.741424933154211e-05, 1.2875235958706526e-05, 1.5396221249835963e-05, 1.4443124771140104e-05, 1.6852021922767015e-05, 1.7803974490015865e-05, 4.2337837801343774e-05, 9.297745484407227e-05, 0.00021851700104460073, 0.00047104275140435185, 0.0009122575117383805, 0.0015173175216887493, 0.0023289984386593975, 0.0033131653687375117, 0.0044410021098143775, 0.005744367958998529, 0.007090951124881608, 0.008319618512992894, 0.009383977803407065, 0.010287198277388259, 0.011035816974558885, 0.011610212108548974]
