I = [0.0, 0.00010101010101010101, 0.00020202020202020202, 0.00030303030303030303, 0.00040404040404040404, 0.000505050505050505, 0.0006060606060606061, 0.0007070707070707071, 0.0008080808080808081, 0.0009090909090909091, 0.00101010101010101, 0.0011111111111111111, 0.0012121212121212121, 0.0013131313131313131, 0.0014141414141414141, 0.0015151515151515152, 0.0016161616161616162, 0.0017171717171717172, 0.0018181818181818182, 0.0019191919191919192, 0.00202020202020202, 0.002121212121212121, 0.0022222222222222222, 0.0023232323232323234, 0.0024242424242424242, 0.002525252525252525, 0.0026262626262626263, 0.0027272727272727275, 0.0028282828282828283, 0.002929292929292929, 0.0030303030303030303, 0.0031313131313131315, 0.0032323232323232323, 0.003333333333333333, 0.0034343434343434343, 0.0035353535353535356, 0.0036363636363636364, 0.003737373737373737, 0.0038383838383838384, 0.00393939393939394, 0.00404040404040404, 0.004141414141414141, 0.004242424242424242, 0.004343434343434344, 0.0044444444444444444, 0.004545454545454545, 0.004646464646464647, 0.004747474747474748, 0.0048484848484848485, 0.004949494949494949, 0.00505050505050505, 0.005151515151515152, 0.0052525252525252525, 0.005353535353535353, 0.005454545454545455, 0.005555555555555556, 0.0056565656565656566, 0.005757575757575757, 0.005858585858585858, 0.00595959595959596, 0.006060606060606061, 0.006161616161616161, 0.006262626262626263, 0.006363636363636364, 0.006464646464646465, 0.0065656565656565654, 0.006666666666666666, 0.006767676767676768, 0.006868686868686869, 0.0069696969696969695, 0.007070707070707071, 0.007171717171717172, 0.007272727272727273, 0.0073737373737373735, 0.007474747474747474, 0.007575757575757576, 0.007676767676767677, 0.0077777777777777776, 0.00787878787878788, 0.00797979797979798, 0.00808080808080808, 0.008181818181818182, 0.008282828282828282, 0.008383838383838384, 0.008484848484848484, 0.008585858585858586, 0.008686868686868687, 0.008787878787878787, 0.008888888888888889, 0.00898989898989899, 0.00909090909090909, 0.009191919191919192, 0.009292929292929294, 0.009393939393939394, 0.009494949494949495, 0.009595959595959595, 0.009696969696969697, 0.009797979797979799, 0.009898989898989899, 0.01]
V = [2.37911461e-06, 2.77120393e-06, 3.29769573e-06, 4.55771356e-06, 4.55207281e-06, 5.08401563e-06, 6.50100551e-06, 5.88482397e-06, 6.76972578e-06, 5.95217786e-06, 7.81685662e-06, 7.3521296e-06, 8.65141597e-06, 8.70179834e-06, 9.13287035e-06, 9.94502221e-06, 1.0224968e-05, 9.62029222e-06, 1.13169242e-05, 1.15913795e-05, 1.17707324e-05, 1.23642754e-05, 1.34729185e-05, 1.29690105e-05, 1.2941026e-05, 1.43467132e-05, 1.36635213e-05, 1.45930769e-05, 1.49064348e-05, 1.6278712e-05, 1.57691836e-05, 1.59538106e-05, 1.7051414e-05, 1.70292039e-05, 1.7813178e-05, 1.79308466e-05, 1.87205373e-05, 1.94149149e-05, 2.0316476e-05, 1.98013152e-05, 2.07924271e-05, 2.0714213e-05, 2.09268246e-05, 2.2511492e-05, 2.15371993e-05, 2.24164741e-05, 2.27580139e-05, 2.39456079e-05, 2.37214305e-05, 2.45335904e-05, 2.55246424e-05, 2.55414434e-05, 2.63533629e-05, 2.62639091e-05, 2.56084545e-05, 2.72215118e-05, 2.76360301e-05, 2.76976445e-05, 2.86550723e-05, 2.89574024e-05, 2.94498806e-05, 2.98085851e-05, 3.08110138e-05, 3.07551276e-05, 3.05030632e-05, 3.24071875e-05, 3.19313253e-05, 3.22164445e-05, 3.29896805e-05, 3.36050589e-05, 3.44344778e-05, 3.41484746e-05, 3.42329223e-05, 3.53749993e-05, 3.52352909e-05, 3.60079447e-05, 3.66130212e-05, 3.71111875e-05, 3.6803371e-05, 3.78280235e-05, 3.79345081e-05, 3.82255502e-05, 3.90262235e-05, 3.93174392e-05, 4.0068296e-05, 4.02472982e-05, 4.08968858e-05, 4.08240332e-05, 4.2526817e-05, 4.18376209e-05, 4.26220866e-05, 4.33609253e-05, 4.35176031e-05, 4.4094445e-05, 4.42851348e-05, 4.45257769e-05, 4.41846677e-05, 4.54162703e-05, 4.5982009e-05, 4.55673759e-05]
