I = [0.0, 0.00010101010101010101, 0.00020202020202020202, 0.00030303030303030303, 0.00040404040404040404, 0.000505050505050505, 0.0006060606060606061, 0.0007070707070707071, 0.0008080808080808081, 0.0009090909090909091, 0.00101010101010101, 0.0011111111111111111, 0.0012121212121212121, 0.0013131313131313131, 0.0014141414141414141, 0.0015151515151515152, 0.0016161616161616162, 0.0017171717171717172, 0.0018181818181818182, 0.0019191919191919192, 0.00202020202020202, 0.002121212121212121, 0.0022222222222222222, 0.0023232323232323234, 0.0024242424242424242, 0.002525252525252525, 0.0026262626262626263, 0.0027272727272727275, 0.0028282828282828283, 0.002929292929292929, 0.0030303030303030303, 0.0031313131313131315, 0.0032323232323232323, 0.003333333333333333, 0.0034343434343434343, 0.0035353535353535356, 0.0036363636363636364, 0.003737373737373737, 0.0038383838383838384, 0.00393939393939394, 0.00404040404040404, 0.004141414141414141, 0.004242424242424242, 0.004343434343434344, 0.0044444444444444444, 0.004545454545454545, 0.004646464646464647, 0.004747474747474748, 0.0048484848484848485, 0.004949494949494949, 0.00505050505050505, 0.005151515151515152, 0.0052525252525252525, 0.005353535353535353, 0.005454545454545455, 0.005555555555555556, 0.0056565656565656566, 0.005757575757575757, 0.005858585858585858, 0.00595959595959596, 0.006060606060606061, 0.006161616161616161, 0.006262626262626263, 0.006363636363636364, 0.006464646464646465, 0.0065656565656565654, 0.006666666666666666, 0.006767676767676768, 0.006868686868686869, 0.0069696969696969695, 0.007070707070707071, 0.007171717171717172, 0.007272727272727273, 0.0073737373737373735, 0.007474747474747474, 0.007575757575757576, 0.007676767676767677, 0.0077777777777777776, 0.00787878787878788, 0.00797979797979798, 0.00808080808080808, 0.008181818181818182, 0.008282828282828282, 0.008383838383838384, 0.008484848484848484, 0.008585858585858586, 0.008686868686868687, 0.008787878787878787, 0.008888888888888889, 0.00898989898989899, 0.00909090909090909, 0.009191919191919192, 0.009292929292929294, 0.009393939393939394, 0.009494949494949495, 0.009595959595959595, 0.009696969696969697, 0.009797979797979799, 0.009898989898989899, 0.01]
V = [2.4407143e-06, 3.03451174e-06, 2.27277774e-06, 2.7040527e-06, 3.34239076e-06, 2.92245587e-06, 2.74884214e-06, 3.02322626e-06, 2.73759103e-06, 3.05119131e-06, 4.39519671e-06, 2.96728198e-06, 2.95597386e-06, 2.39040627e-06, 3.23608638e-06, 3.59453953e-06, 1.79118447e-06, 3.16326294e-06, 3.21922365e-06, 3.75120458e-06, 2.9111784e-06, 3.17437568e-06, 2.36803088e-06, 2.83841186e-06, 3.36484574e-06, 3.10160853e-06, 2.87196112e-06, 3.90243484e-06, 2.91676849e-06, 3.46007881e-06, 3.93050317e-06, 2.84406314e-06, 3.89682585e-06, 3.3088716e-06, 3.7344024e-06, 3.61127286e-06, 3.06243495e-06, 4.50173121e-06, 3.47681432e-06, 3.49919238e-06, 2.98405062e-06, 2.74320875e-06, 3.72892514e-06, 3.19126893e-06, 3.64484956e-06, 3.60002956e-06, 3.79039733e-06, 2.70960177e-06, 3.78490807e-06, 2.98402446e-06, 3.0904886e-06, 3.36485745e-06, 4.45683376e-06, 2.76009109e-06, 3.3816073e-06, 3.92487266e-06, 3.81850341e-06, 3.98638618e-06, 4.63612061e-06, 4.06474613e-06, 3.45439305e-06, 4.27202043e-06, 3.37599101e-06, 3.72877587e-06, 4.04240206e-06, 3.74004826e-06, 4.42328266e-06, 3.93602771e-06, 4.57442174e-06, 4.47366087e-06, 3.83528883e-06, 3.88005618e-06, 3.56086545e-06, 3.58322535e-06, 5.18490342e-06, 4.05921288e-06, 4.88243013e-06, 3.74569401e-06, 4.59684128e-06, 3.54396923e-06, 4.04801773e-06, 5.00581088e-06, 3.89131525e-06, 3.93042918e-06, 4.26082863e-06, 3.87439834e-06, 3.70087598e-06, 3.8464118e-06, 5.62170278e-06, 4.81524968e-06, 5.33609279e-06, 4.28318334e-06, 4.50721297e-06, 3.70649034e-06, 4.32253179e-06, 4.68638013e-06, 5.35282906e-06, 4.52972837e-06, 5.4144513e-06, 5.20168694e-06]
