I = [0.009992419, 0.01999783, 0.02999125, 0.03998362, 0.04998912, 0.05999357]
V = [0.000259733959, 0.000516717715, 0.000774623452, 0.00103188996, 0.00128922155, 0.00154617511]
T = [284.09030709275135, 284.0842883865939, 284.0766352299298, 284.0749984411535, 284.0694964925955, 284.0644084177709]
