I = [0.09987045, 0.2000703, 0.300195, 0.4002659, 0.5004269, 0.6006182, 0.7007048, 0.8007531, 0.9009056, 1.001108]
V = [2.0321471e-06, 2.62574767e-06, 2.80490027e-06, 2.57521999e-06, 1.55615002e-06, 2.20563438e-06, 1.24243924e-06, 8.00039211e-07, 4.47190153e-07, -1.1096649e-06]
T = [81.50040880748247, 81.50424099766174, 81.50671418550273, 81.51286687451287, 81.51396983632112, 81.51890919719409, 81.52513039750585, 81.53758986749806, 81.5526473889322, 81.56993024162121]
