I = [0.01000105, 0.02000673, 0.02999977, 0.0399916, 0.04999773, 0.06000257, 0.06999379, 0.07998557, 0.08999117, 0.09999467]
V = [-2.45927692e-06, -2.98568712e-06, -2.19603401e-06, -1.32243375e-06, -7.45641148e-07, 6.54540109e-07, 5.76039872e-07, 1.10243296e-06, 1.29839867e-06, 1.16965907e-06]
T = [81.59221044427125, 81.61578768511302, 81.64108799688232, 81.66605697583789, 81.6848999220577, 81.7048886204209, 81.72211839438816, 81.73760639127048, 81.74732634450508, 81.7640150428683]
