I = [0.001000065, 0.002000738, 0.002999944, 0.003999203, 0.004999724, 0.00600028, 0.006999316, 0.007998567, 0.008999036, 0.009999464]
V = [1.48326862e-06, 8.67256551e-07, 1.13610912e-06, 1.55045965e-06, 1.62891662e-06, 1.08008649e-06, 2.16092196e-06, 1.78007476e-06, 2.14405036e-06, 2.17212924e-06]
T = [81.76999259547935, 81.78205619641466, 81.784819563523, 81.79263242400624, 81.8033281371785, 81.80621519875294, 81.81130397505846, 81.8143088854248, 81.82102252533126, 81.8263505066251]
