I = [1e-05, 0.01011090909090909, 0.02021181818181818, 0.030312727272727272, 0.04041363636363637, 0.05051454545454546, 0.06061545454545455, 0.07071636363636363, 0.08081727272727272, 0.09091818181818181, 0.1010190909090909, 0.11112, 0.12122090909090909, 0.1313218181818182, 0.14142272727272728, 0.15152363636363636, 0.16162454545454547, 0.17172545454545457, 0.18182636363636365, 0.19192727272727272, 0.20202818181818183, 0.21212909090909093, 0.22223, 0.2323309090909091, 0.2424318181818182, 0.2525327272727273, 0.2626336363636364, 0.27273454545454545, 0.28283545454545456, 0.29293636363636366, 0.3030372727272727, 0.3131381818181818, 0.3232390909090909, 0.33334, 0.34344090909090913, 0.3535418181818182, 0.3636427272727273, 0.3737436363636364, 0.38384454545454544, 0.39394545454545454, 0.40404636363636365, 0.41414727272727275, 0.42424818181818186, 0.4343490909090909, 0.44445, 0.4545509090909091, 0.46465181818181817, 0.47475272727272727, 0.4848536363636364, 0.4949545454545455, 0.5050554545454545, 0.5151563636363636, 0.5252572727272727, 0.5353581818181817, 0.5454590909090908, 0.5555599999999999, 0.565660909090909, 0.5757618181818182, 0.5858627272727273, 0.5959636363636364, 0.6060645454545454, 0.6161654545454545, 0.6262663636363636, 0.6363672727272727, 0.6464681818181818, 0.6565690909090909, 0.66667, 0.6767709090909091, 0.6868718181818182, 0.6969727272727272, 0.7070736363636363, 0.7171745454545454, 0.7272754545454545, 0.7373763636363636, 0.7474772727272727, 0.7575781818181818, 0.7676790909090908, 0.7777799999999999, 0.787880909090909, 0.7979818181818181, 0.8080827272727272, 0.8181836363636363, 0.8282845454545454, 0.8383854545454545, 0.8484863636363636, 0.8585872727272726, 0.8686881818181817, 0.8787890909090909, 0.88889, 0.8989909090909091, 0.9090918181818182, 0.9191927272727273, 0.9292936363636363, 0.9393945454545454, 0.9494954545454545, 0.9595963636363636, 0.9696972727272727, 0.9797981818181818, 0.9898990909090909, 1.0]
V = [2.30636174e-06, 2.32321693e-06, 2.27281998e-06, 2.87195982e-06, 2.01521872e-06, 3.84088482e-06, 3.46568324e-06, 3.10717251e-06, 4.37836947e-06, 5.14563179e-06, 6.27129337e-06, 7.46992204e-06, 9.00415366e-06, 9.9562393e-06, 1.08018202e-05, 1.38313834e-05, 1.51588195e-05, 1.76843497e-05, 2.0064224e-05, 2.23433672e-05, 2.60786645e-05, 2.9075088e-05, 3.24013457e-05, 3.62375157e-05, 4.0381877e-05, 4.4279547e-05, 4.9258089e-05, 5.47797738e-05, 5.96354207e-05, 6.47083832e-05, 7.09530469e-05, 7.7460603e-05, 8.30498568e-05, 9.07156881e-05, 9.77890835e-05, 0.000105365879, 0.000113082247, 0.000122861011, 0.000130886247, 0.000140865015, 0.000150654763, 0.000159519537, 0.000171957435, 0.000182619481, 0.000195113298, 0.000209474154, 0.000221615214, 0.000234005677, 0.000251391112, 0.00026529543, 0.000280269242, 0.000299871012, 0.000314359818, 0.00033014603, 0.000352938755, 0.000369786425, 0.000387657668, 0.000413240199, 0.000432296471, 0.000452904679, 0.000482379168, 0.000504637216, 0.00052619601, 0.000559975718, 0.000583800876, 0.00060873595, 0.000648355379, 0.000674929084, 0.000702057755, 0.000746079163, 0.000775686016, 0.000806242545, 0.000855437902, 0.00088898553, 0.000922663405, 0.000978621418, 0.00101548268, 0.00105375466, 0.00111561316, 0.00115594296, 0.0011967969, 0.00126668618, 0.00131088764, 0.00135629514, 0.00143503997, 0.00148428282, 0.00153574815, 0.00162098764, 0.00167392125, 0.00172842546, 0.00183130407, 0.00188935022, 0.00194864605, 0.00205722677, 0.00212087505, 0.00218888317, 0.0023075752, 0.00237850456, 0.00245135825, 0.00258785417]
