I = [1e-05, 0.01011090909090909, 0.02021181818181818, 0.030312727272727272, 0.04041363636363637, 0.05051454545454546, 0.06061545454545455, 0.07071636363636363, 0.08081727272727272, 0.09091818181818181, 0.1010190909090909, 0.11112, 0.12122090909090909, 0.1313218181818182, 0.14142272727272728, 0.15152363636363636, 0.16162454545454547, 0.17172545454545457, 0.18182636363636365, 0.19192727272727272, 0.20202818181818183, 0.21212909090909093, 0.22223, 0.2323309090909091, 0.2424318181818182, 0.2525327272727273, 0.2626336363636364, 0.27273454545454545, 0.28283545454545456, 0.29293636363636366, 0.3030372727272727, 0.3131381818181818, 0.3232390909090909, 0.33334, 0.34344090909090913, 0.3535418181818182, 0.3636427272727273, 0.3737436363636364, 0.38384454545454544, 0.39394545454545454, 0.40404636363636365, 0.41414727272727275, 0.42424818181818186, 0.4343490909090909, 0.44445, 0.4545509090909091, 0.46465181818181817, 0.47475272727272727, 0.4848536363636364, 0.4949545454545455, 0.5050554545454545, 0.5151563636363636, 0.5252572727272727, 0.5353581818181817, 0.5454590909090908, 0.5555599999999999, 0.565660909090909, 0.5757618181818182, 0.5858627272727273, 0.5959636363636364, 0.6060645454545454, 0.6161654545454545, 0.6262663636363636, 0.6363672727272727, 0.6464681818181818, 0.6565690909090909, 0.66667, 0.6767709090909091, 0.6868718181818182, 0.6969727272727272, 0.7070736363636363, 0.7171745454545454, 0.7272754545454545, 0.7373763636363636, 0.7474772727272727, 0.7575781818181818, 0.7676790909090908, 0.7777799999999999, 0.787880909090909, 0.7979818181818181, 0.8080827272727272, 0.8181836363636363, 0.8282845454545454, 0.8383854545454545, 0.8484863636363636, 0.8585872727272726, 0.8686881818181817, 0.8787890909090909, 0.88889, 0.8989909090909091, 0.9090918181818182, 0.9191927272727273, 0.9292936363636363, 0.9393945454545454, 0.9494954545454545, 0.9595963636363636, 0.9696972727272727, 0.9797981818181818, 0.9898990909090909, 1.0]
V = [3.33693393e-06, 2.64797623e-06, 2.61445897e-06, 2.42967298e-06, 2.52488868e-06, 2.65924138e-06, 2.61443668e-06, 2.23358647e-06, 2.50797708e-06, 1.85845482e-06, 2.3344165e-06, 2.48564383e-06, 2.75440408e-06, 1.93123748e-06, 2.35119365e-06, 2.86081673e-06, 1.97038108e-06, 2.1048108e-06, 2.35116966e-06, 2.30643578e-06, 2.16077985e-06, 2.65929594e-06, 2.47445444e-06, 2.95042078e-06, 1.4775768e-06, 3.16322168e-06, 2.87762403e-06, 2.23359119e-06, 2.47442386e-06, 2.2560629e-06, 2.69843588e-06, 3.63922696e-06, 2.51925232e-06, 1.66808278e-06, 2.72082339e-06, 2.07681698e-06, 2.73201799e-06, 1.77997728e-06, 2.53045171e-06, 2.17764401e-06, 2.53603244e-06, 2.79366442e-06, 2.21114955e-06, 3.20241027e-06, 2.38486336e-06, 2.53611288e-06, 2.41278757e-06, 2.9280636e-06, 2.28958857e-06, 1.34884182e-06, 2.69284584e-06, 1.09676701e-06, 2.8103642e-06, 2.10483757e-06, 2.82159038e-06, 3.13510498e-06, 1.89195126e-06, 2.88323885e-06, 3.64485191e-06, 3.69523465e-06, 4.31124208e-06, 5.06175267e-06, 4.42891365e-06, 5.38084557e-06, 7.20646986e-06, 6.76413024e-06, 7.9905065e-06, 8.67934581e-06, 9.45213995e-06, 1.00571268e-05, 1.28514901e-05, 1.45317361e-05, 1.59484251e-05, 1.71581542e-05, 2.11116251e-05, 2.33182339e-05, 2.55077732e-05, 2.93609824e-05, 3.28441226e-05, 3.60025112e-05, 4.14062563e-05, 4.61777414e-05, 5.069128e-05, 5.85427646e-05, 6.43336997e-05, 6.98270587e-05, 8.03390077e-05, 8.75685355e-05, 9.42944654e-05, 0.000108961494, 0.000117865154, 0.000126881974, 0.00014629661, 0.000157234268, 0.000168047951, 0.000190202024, 0.000204513174, 0.00021807353, 0.00024698794, 0.000264012318]
