I = [-0.0002674704, 0.009887516, 0.02000586, 0.03014138, 0.04027652, 0.05040931, 0.06050707, 0.07060599, 0.08071526, 0.09080613, 0.1008959, 0.1109913, 0.1210902, 0.1312238, 0.1413647, 0.1514927, 0.1616277, 0.1718074, 0.1819379, 0.1920554, 0.2021444, 0.2122465, 0.2223353, 0.232422, 0.2425364, 0.2526341, 0.2627521, 0.2728887, 0.2830195, 0.2931551, 0.3032774, 0.3134155, 0.3235476, 0.3336371, 0.3437266, 0.3538185, 0.3639066, 0.3740025, 0.3840907, 0.3941984, 0.404334, 0.4144818, 0.4246104, 0.4347446, 0.4448867, 0.4550163, 0.4651099, 0.4752044, 0.4852969, 0.4953851, 0.5054755, 0.5155718, 0.5256711, 0.5358025, 0.5459438, 0.5560747, 0.5662064, 0.5763355, 0.586492, 0.596599, 0.6066791, 0.6167712, 0.6268683, 0.6369603, 0.6470464, 0.6571424, 0.6672651, 0.6774006, 0.6875352, 0.6976703, 0.7077994, 0.7179396, 0.7281038, 0.7381963, 0.7482994, 0.7583847, 0.768468, 0.7785605, 0.7886444, 0.7987624, 0.8088869, 0.8190234, 0.8291475, 0.8392409, 0.8494202, 0.859563, 0.8696471, 0.8797085, 0.8898271, 0.8999146, 0.9100056, 0.9201093, 0.9302021, 0.9403439, 0.9504721, 0.9606192, 0.9707497, 0.9808881, 0.9910197, 1.001128]
V = [-5.80257639e-06, 0.000126350626, 0.000259146464, 0.000392246973, 0.000524613509, 0.000658627847, 0.000789788647, 0.000923123504, 0.00105550949, 0.0011878508, 0.00131946801, 0.00145264971, 0.00158495419, 0.00171784655, 0.00185224836, 0.00198406723, 0.00211801033, 0.0022523362, 0.00238604686, 0.00251924174, 0.00265275219, 0.00278541549, 0.00292101117, 0.00305392806, 0.00318925132, 0.00332291502, 0.00345919437, 0.00359342855, 0.00373012676, 0.00386590834, 0.00400318129, 0.00413994772, 0.00427817828, 0.00441438182, 0.00455308086, 0.00469017298, 0.00483009844, 0.00496666831, 0.00510783434, 0.00524514425, 0.00538701807, 0.00552651313, 0.00566867799, 0.00580921599, 0.00595332434, 0.00609357511, 0.00623911019, 0.00637878832, 0.0065249309, 0.00666788332, 0.00681442118, 0.00695715091, 0.00710798736, 0.00725144746, 0.00740348829, 0.00754648647, 0.00770055439, 0.00784532783, 0.00799997854, 0.00814602939, 0.00830418511, 0.00845097314, 0.00861744973, 0.00876973014, 0.00893967334, 0.00909256607, 0.00926263955, 0.00941702392, 0.00958894598, 0.00974623916, 0.00992406464, 0.0100810435, 0.0102571311, 0.0104160534, 0.010590414, 0.0107475624, 0.0109187797, 0.0110722732, 0.0112407753, 0.0113970133, 0.0115668526, 0.0117250768, 0.0119029607, 0.0120650426, 0.0122507273, 0.0124168137, 0.01260422, 0.0127692112, 0.0129513055, 0.0131137706, 0.0132941489, 0.0134538129, 0.0136327574, 0.0137961417, 0.0139756093, 0.0141381628, 0.0143132231, 0.0144744514, 0.0146450804, 0.0148010182]
