I = [-0.00025833, 0.0098981, 0.02001489, 0.03014728, 0.04028429, 0.05042241, 0.06052009, 0.07061746, 0.08072276, 0.09080981, 0.1009038, 0.1109995, 0.1211022, 0.1312281, 0.1413644, 0.1514983, 0.1616286, 0.1718049, 0.1819422, 0.1920576, 0.2021439, 0.2122411, 0.2223351, 0.2324263, 0.2425393, 0.2526246, 0.2627556, 0.2728921, 0.2830231, 0.2931579, 0.3032902, 0.3134223, 0.3235541, 0.3336378, 0.3437301, 0.3539331, 0.3640687, 0.3740106, 0.3840948, 0.3942136, 0.4043461, 0.4144934, 0.4246264, 0.4347578, 0.4448911, 0.4550309, 0.4651203, 0.4752117, 0.4853074, 0.4954003, 0.5054908, 0.5155784, 0.5256817, 0.5358099, 0.5459425, 0.5560774, 0.5662081, 0.5763398, 0.5864921, 0.5966077, 0.6066948, 0.6167929, 0.6268705, 0.6369694, 0.6470653, 0.6571526, 0.667282, 0.6774146, 0.687551, 0.6976728, 0.7078195, 0.7179478, 0.7281243, 0.7382032, 0.7483177, 0.7584025, 0.7684824, 0.7785773, 0.7886633, 0.7987744, 0.8089034, 0.8190368, 0.8291653, 0.8393077, 0.8494393, 0.8595699, 0.8696645, 0.8797513, 0.8898464, 0.8999373, 0.9100244, 0.9201393, 0.9302297, 0.9403648, 0.9505029, 0.9606428, 0.9707668, 0.9809066, 0.9910361, 1.001146]
V = [1.02965649e-06, 8.07363799e-05, 0.000160970238, 0.000241393958, 0.000320467908, 0.000401476254, 0.000481127843, 0.000561011385, 0.000640761912, 0.000721551332, 0.000802895523, 0.00088436398, 0.000964292052, 0.001046944, 0.00112875774, 0.00121280866, 0.00129323789, 0.00137496892, 0.00145575275, 0.00154335732, 0.00162478469, 0.00171139354, 0.00179555085, 0.00188189693, 0.00196665383, 0.00205298179, 0.00213946495, 0.002232338, 0.00231962093, 0.00241408218, 0.0025018177, 0.00259500906, 0.00268645329, 0.00278522245, 0.00287555719, 0.00297664076, 0.00307242258, 0.00317179392, 0.00326531444, 0.00336936408, 0.00346499323, 0.00357515676, 0.00367480344, 0.00379121135, 0.00389486022, 0.00401008239, 0.00411173619, 0.0042271185, 0.00433149651, 0.00445384577, 0.00456110822, 0.00468897364, 0.0047986252, 0.00492737563, 0.00503926409, 0.00517537621, 0.00529220585, 0.00543595085, 0.00555636172, 0.00570818447, 0.0058274261, 0.00597753558, 0.0061050856, 0.00626087611, 0.00639182009, 0.00655322145, 0.00668386743, 0.00685054973, 0.00698388841, 0.00715436079, 0.00728660338, 0.00745595029, 0.00759528273, 0.00777412113, 0.00791385173, 0.00809079125, 0.00823253454, 0.00841278486, 0.00855532021, 0.00873827363, 0.00888419169, 0.0090760159, 0.00922688406, 0.00942036134, 0.00956621884, 0.00976163504, 0.00991152366, 0.0101118004, 0.0102653945, 0.0104633753, 0.0106214787, 0.0108222097, 0.0109780442, 0.0111792396, 0.0113370167, 0.01154025, 0.0116999479, 0.0119021682, 0.0120628549, 0.0122629293]
