I = [0.01000073, 0.02000677, 0.02999973, 0.03999152, 0.04999768, 0.06000254]
V = [1.80803154e-06, 2.21128864e-06, 2.7041943e-06, 1.28161761e-06, 2.12172979e-06, 1.86963503e-06]
T = [81.16004980514421, 81.1554181605612, 81.16045643024164, 81.15876282151208, 81.16031519875293, 81.16055206547156]
