I = [0.0001000144, 0.0002000728, 0.0003000053, 0.0003999053, 0.0004999645, 0.0006000184, 0.0006999311, 0.0007998429, 0.0008998977, 0.0009999422]
V = [2.18896527e-06, 1.4160766e-06, 2.28409975e-06, 2.3905044e-06, 2.21126888e-06, 2.43526387e-06, 1.45528221e-06, 1.67367853e-06, 1.71848644e-06, 2.46328893e-06]
T = [81.83145752143415, 81.83117482462978, 81.83441566640687, 81.84229236165238, 81.84137388932191, 81.84694341387375, 81.84894848012472, 81.8519346843336, 81.85419485580671, 81.85506235385816]
